?
10.00	14.1
10.02	0.3
10.04	9.3
10.06	6.3
10.08	6.6
10.10	7.4
10.12	1.9
10.14	7.3
10.16	5.4
10.18	18.0
10.20	8.7
10.22	6.9
10.24	7.2
10.26	6.0
10.28	4.8
10.30	6.8
10.32	9.4
10.34	7.3
10.36	10.9
10.38	7.4
10.40	8.1
10.42	12.6
10.44	9.6
10.46	6.5
10.48	7.5
10.50	9.6
10.52	13.8
10.54	7.2
10.56	7.3
10.58	11.0
10.60	5.3
10.62	7.1
10.64	10.6
10.66	9.7
10.68	8.3
10.70	10.0
10.72	0.0
10.74	11.1
10.76	5.1
10.78	3.0
10.80	8.8
10.82	10.1
10.84	6.7
10.86	4.8
10.88	8.1
10.90	7.8
10.92	12.2
10.94	10.2
10.96	8.6
10.98	11.3
11.00	7.4
11.02	5.2
11.04	9.8
11.06	9.7
11.08	7.4
11.10	5.7
11.12	8.7
11.14	0.5
11.16	10.1
11.18	9.5
11.20	3.1
11.22	8.2
11.24	5.1
11.26	10.3
11.28	1.9
11.30	5.3
11.32	10.1
11.34	11.5
11.36	1.5
11.38	6.5
11.40	9.0
11.42	6.2
11.44	12.8
11.46	4.4
11.48	9.1
11.50	4.9
11.52	12.2
11.54	7.9
11.56	6.9
11.58	2.8
11.60	13.0
11.62	10.3
11.64	10.3
11.66	11.4
11.68	9.0
11.70	6.1
11.72	5.6
11.74	5.6
11.76	12.1
11.78	3.6
11.80	6.2
11.82	7.0
11.84	8.7
11.86	9.7
11.88	4.3
11.90	2.8
11.92	8.0
11.94	11.6
11.96	10.3
11.98	8.6
12.00	7.0
12.02	8.9
12.04	7.3
12.06	10.5
12.08	5.6
12.10	8.4
12.12	7.7
12.14	9.6
12.16	8.7
12.18	15.7
12.20	12.5
12.22	12.5
12.24	1.9
12.26	7.0
12.28	6.2
12.30	9.6
12.32	1.2
12.34	11.5
12.36	11.2
12.38	4.1
12.40	5.1
12.42	5.6
12.44	8.1
12.46	9.9
12.48	14.1
12.50	7.4
12.52	10.3
12.54	8.5
12.56	13.3
12.58	10.2
12.60	12.1
12.62	4.8
12.64	7.4
12.66	5.6
12.68	12.5
12.70	10.0
12.72	7.1
12.74	6.6
12.76	9.5
12.78	5.9
12.80	5.2
12.82	9.4
12.84	15.4
12.86	7.3
12.88	6.3
12.90	4.5
12.92	4.0
12.94	9.6
12.96	10.6
12.98	8.0
13.00	9.0
13.02	8.3
13.04	8.4
13.06	3.4
13.08	6.6
13.10	8.3
13.12	5.7
13.14	6.6
13.16	5.5
13.18	7.0
13.20	10.6
13.22	6.8
13.24	7.5
13.26	10.4
13.28	9.9
13.30	13.1
13.32	1.7
13.34	10.6
13.36	6.6
13.38	8.4
13.40	10.5
13.42	11.2
13.44	11.1
13.46	8.5
13.48	12.8
13.50	7.2
13.52	7.6
13.54	10.4
13.56	6.3
13.58	14.5
13.60	11.1
13.62	14.5
13.64	7.9
13.66	6.9
13.68	8.5
13.70	10.2
13.72	6.2
13.74	9.1
13.76	7.9
13.78	12.8
13.80	6.0
13.82	11.1
13.84	6.1
13.86	5.1
13.88	5.9
13.90	4.4
13.92	8.4
13.94	11.1
13.96	8.5
13.98	9.9
14.00	12.9
14.02	8.8
14.04	8.6
14.06	7.2
14.08	3.2
14.10	10.3
14.12	2.7
14.14	10.0
14.16	8.0
14.18	11.4
14.20	7.8
14.22	5.5
14.24	9.1
14.26	6.3
14.28	7.5
14.30	8.1
14.32	7.6
14.34	7.4
14.36	5.5
14.38	7.4
14.40	1.6
14.42	7.5
14.44	4.4
14.46	11.4
14.48	11.8
14.50	2.1
14.52	8.4
14.54	7.6
14.56	4.9
14.58	9.6
14.60	6.6
14.62	2.7
14.64	7.2
14.66	7.6
14.68	8.3
14.70	4.3
14.72	9.8
14.74	10.2
14.76	4.6
14.78	6.0
14.80	7.8
14.82	6.3
14.84	13.2
14.86	8.6
14.88	5.0
14.90	5.6
14.92	7.8
14.94	14.9
14.96	7.5
14.98	8.4
15.00	9.5
15.02	7.9
15.04	14.8
15.06	6.4
15.08	10.2
15.10	8.5
15.12	9.9
15.14	4.5
15.16	13.3
15.18	7.6
15.20	8.1
15.22	5.2
15.24	5.8
15.26	9.7
15.28	11.0
15.30	10.3
15.32	11.6
15.34	10.1
15.36	8.1
15.38	10.5
15.40	9.8
15.42	7.7
15.44	10.2
15.46	11.9
15.48	8.7
15.50	6.9
15.52	10.2
15.54	13.7
15.56	7.4
15.58	7.7
15.60	7.6
15.62	11.7
15.64	2.5
15.66	9.1
15.68	11.6
15.70	5.6
15.72	12.5
15.74	9.6
15.76	6.4
15.78	8.6
15.80	3.4
15.82	6.3
15.84	13.5
15.86	5.3
15.88	13.5
15.90	7.8
15.92	11.0
15.94	8.1
15.96	1.3
15.98	6.3
16.00	8.6
16.02	4.5
16.04	4.0
16.06	9.1
16.08	6.1
16.10	2.9
16.12	5.9
16.14	10.6
16.16	6.6
16.18	10.8
16.20	12.6
16.22	8.1
16.24	4.6
16.26	4.1
16.28	7.9
16.30	10.6
16.32	8.8
16.34	9.6
16.36	6.7
16.38	8.9
16.40	6.6
16.42	7.0
16.44	4.1
16.46	3.3
16.48	6.6
16.50	4.7
16.52	5.1
16.54	10.0
16.56	7.7
16.58	16.7
16.60	10.8
16.62	6.1
16.64	10.3
16.66	9.1
16.68	5.9
16.70	11.3
16.72	5.7
16.74	0.0
16.76	10.4
16.78	6.1
16.80	12.5
16.82	6.1
16.84	4.5
16.86	12.6
16.88	4.8
16.90	8.6
16.92	12.3
16.94	8.3
16.96	7.8
16.98	8.3
17.00	10.5
17.02	5.6
17.04	9.8
17.06	9.7
17.08	15.0
17.10	7.0
17.12	5.3
17.14	10.2
17.16	6.8
17.18	8.9
17.20	8.4
17.22	11.5
17.24	6.0
17.26	7.7
17.28	0.3
17.30	5.3
17.32	12.6
17.34	6.0
17.36	5.9
17.38	4.3
17.40	9.7
17.42	8.5
17.44	4.4
17.46	10.0
17.48	8.8
17.50	10.3
17.52	6.1
17.54	13.2
17.56	9.2
17.58	7.6
17.60	6.4
17.62	7.3
17.64	10.6
17.66	7.2
17.68	11.2
17.70	9.7
17.72	12.0
17.74	10.4
17.76	7.8
17.78	2.3
17.80	8.9
17.82	10.4
17.84	8.5
17.86	9.7
17.88	6.6
17.90	6.9
17.92	5.2
17.94	12.1
17.96	8.5
17.98	6.5
18.00	4.0
18.02	7.5
18.04	12.3
18.06	9.4
18.08	5.8
18.10	12.3
18.12	12.3
18.14	10.9
18.16	10.4
18.18	11.5
18.20	9.6
18.22	10.3
18.24	5.7
18.26	12.5
18.28	8.7
18.30	14.1
18.32	1.9
18.34	10.1
18.36	10.9
18.38	7.0
18.40	9.4
18.42	10.2
18.44	9.7
18.46	6.4
18.48	7.6
18.50	11.1
18.52	11.8
18.54	8.3
18.56	8.2
18.58	8.6
18.60	11.1
18.62	4.8
18.64	4.0
18.66	8.4
18.68	4.7
18.70	6.2
18.72	8.3
18.74	9.4
18.76	4.8
18.78	10.4
18.80	2.7
18.82	9.6
18.84	3.3
18.86	4.2
18.88	9.9
18.90	6.8
18.92	5.6
18.94	6.7
18.96	9.4
18.98	7.8
19.00	7.9
19.02	11.2
19.04	5.9
19.06	6.6
19.08	6.4
19.10	11.5
19.12	11.0
19.14	11.9
19.16	7.9
19.18	7.5
19.20	10.6
19.22	6.8
19.24	10.5
19.26	10.2
19.28	5.9
19.30	7.8
19.32	7.6
19.34	13.2
19.36	15.8
19.38	7.7
19.40	8.0
19.42	1.2
19.44	8.6
19.46	8.0
19.48	4.8
19.50	10.4
19.52	3.3
19.54	7.4
19.56	8.4
19.58	4.3
19.60	10.6
19.62	11.2
19.64	3.8
19.66	3.8
19.68	9.8
19.70	7.9
19.72	4.4
19.74	7.1
19.76	7.7
19.78	7.6
19.80	10.5
19.82	9.2
19.84	13.3
19.86	12.1
19.88	10.0
19.90	11.2
19.92	12.0
19.94	10.1
19.96	4.3
19.98	10.6
20.00	8.2
20.02	12.9
20.04	8.3
20.06	9.6
20.08	9.0
20.10	13.0
20.12	8.5
20.14	7.2
20.16	8.9
20.18	6.7
20.20	8.5
20.22	8.0
20.24	8.8
20.26	13.8
20.28	6.8
20.30	8.1
20.32	7.4
20.34	10.0
20.36	4.5
20.38	5.9
20.40	7.9
20.42	9.6
20.44	7.9
20.46	6.5
20.48	5.4
20.50	9.5
20.52	12.3
20.54	9.0
20.56	8.6
20.58	9.3
20.60	5.2
20.62	7.1
20.64	7.2
20.66	8.9
20.68	7.9
20.70	4.4
20.72	11.4
20.74	13.1
20.76	7.2
20.78	9.2
20.80	8.8
20.82	10.4
20.84	3.6
20.86	12.8
20.88	6.6
20.90	11.8
20.92	8.2
20.94	6.8
20.96	7.6
20.98	10.7
21.00	5.4
21.02	6.9
21.04	6.6
21.06	2.9
21.08	11.9
21.10	9.7
21.12	7.9
21.14	11.5
21.16	5.1
21.18	7.8
21.20	13.2
21.22	10.9
21.24	1.3
21.26	0.0
21.28	4.9
21.30	11.2
21.32	6.6
21.34	7.3
21.36	9.8
21.38	5.3
21.40	8.6
21.42	10.4
21.44	9.4
21.46	9.2
21.48	6.2
21.50	9.5
21.52	6.7
21.54	11.9
21.56	15.7
21.58	5.8
21.60	1.5
21.62	6.7
21.64	9.1
21.66	11.2
21.68	11.2
21.70	5.6
21.72	5.6
21.74	11.8
21.76	4.7
21.78	11.3
21.80	7.3
21.82	10.3
21.84	10.1
21.86	10.3
21.88	10.5
21.90	5.0
21.92	8.9
21.94	8.0
21.96	8.9
21.98	11.7
22.00	7.2
22.02	5.9
22.04	5.8
22.06	7.1
22.08	10.3
22.10	5.6
22.12	11.5
22.14	8.9
22.16	7.3
22.18	4.0
22.20	8.7
22.22	10.1
22.24	2.7
22.26	11.6
22.28	12.9
22.30	9.0
22.32	9.5
22.34	15.2
22.36	11.7
22.38	5.3
22.40	8.0
22.42	7.5
22.44	7.5
22.46	0.9
22.48	10.3
22.50	6.1
22.52	8.5
22.54	7.6
22.56	10.6
22.58	7.1
22.60	5.6
22.62	9.6
22.64	12.2
22.66	7.0
22.68	12.1
22.70	8.8
22.72	6.4
22.74	12.6
22.76	5.5
22.78	11.0
22.80	6.5
22.82	9.4
22.84	4.3
22.86	5.5
22.88	11.2
22.90	8.6
22.92	8.1
22.94	6.7
22.96	9.3
22.98	3.8
23.00	4.6
23.02	7.5
23.04	5.5
23.06	5.9
23.08	7.8
23.10	7.6
23.12	7.3
23.14	13.0
23.16	11.0
23.18	11.7
23.20	7.9
23.22	6.5
23.24	3.6
23.26	7.0
23.28	1.7
23.30	6.2
23.32	10.3
23.34	12.9
23.36	10.9
23.38	5.4
23.40	9.5
23.42	5.6
23.44	10.5
23.46	7.7
23.48	10.6
23.50	15.7
23.52	10.8
23.54	15.0
23.56	8.5
23.58	7.0
23.60	12.0
23.62	13.2
23.64	6.3
23.66	8.2
23.68	3.7
23.70	7.4
23.72	10.7
23.74	7.8
23.76	6.3
23.78	3.8
23.80	9.2
23.82	10.5
23.84	9.9
23.86	8.9
23.88	4.3
23.90	13.4
23.92	8.0
23.94	7.8
23.96	10.4
23.98	1.8
24.00	8.1
24.02	7.9
24.04	9.5
24.06	12.5
24.08	10.0
24.10	3.2
24.12	7.8
24.14	9.5
24.16	9.5
24.18	5.3
24.20	4.4
24.22	11.2
24.24	10.8
24.26	10.0
24.28	5.1
24.30	16.0
24.32	2.3
24.34	10.3
24.36	18.1
24.38	11.8
24.40	13.5
24.42	9.8
24.44	18.0
24.46	10.7
24.48	16.1
24.50	16.5
24.52	13.8
24.54	20.5
24.56	14.6
24.58	17.8
24.60	20.9
24.62	20.9
24.64	24.8
24.66	27.5
24.68	25.2
24.70	25.9
24.72	27.4
24.74	29.4
24.76	34.6
24.78	33.1
24.80	36.7
24.82	36.9
24.84	36.4
24.86	43.4
24.88	39.5
24.90	44.4
24.92	50.7
24.94	44.7
24.96	49.6
24.98	46.8
25.00	51.8
25.02	50.5
25.04	55.5
25.06	56.5
25.08	60.0
25.10	65.7
25.12	63.1
25.14	65.4
25.16	64.3
25.18	64.6
25.20	63.7
25.22	61.4
25.24	67.5
25.26	72.6
25.28	69.4
25.30	66.4
25.32	72.9
25.34	66.4
25.36	65.5
25.38	63.2
25.40	63.3
25.42	64.6
25.44	70.4
25.46	62.8
25.48	59.1
25.50	59.1
25.52	58.9
25.54	53.0
25.56	57.0
25.58	57.1
25.60	54.3
25.62	53.4
25.64	45.9
25.66	42.9
25.68	50.1
25.70	47.7
25.72	38.0
25.74	41.4
25.76	39.1
25.78	38.9
25.80	36.1
25.82	32.3
25.84	32.7
25.86	31.0
25.88	28.9
25.90	22.0
25.92	17.1
25.94	22.4
25.96	18.6
25.98	23.0
26.00	23.2
26.02	20.8
26.04	17.9
26.06	18.3
26.08	20.7
26.10	14.2
26.12	18.4
26.14	17.1
26.16	15.1
26.18	18.2
26.20	11.2
26.22	15.7
26.24	9.8
26.26	9.9
26.28	8.8
26.30	13.1
26.32	8.8
26.34	11.7
26.36	8.1
26.38	14.7
26.40	17.1
26.42	12.4
26.44	16.8
26.46	13.7
26.48	18.8
26.50	12.9
26.52	8.3
26.54	17.9
26.56	13.6
26.58	11.4
26.60	13.1
26.62	10.8
26.64	15.9
26.66	14.0
26.68	22.5
26.70	20.9
26.72	14.9
26.74	16.4
26.76	20.3
26.78	17.3
26.80	24.0
26.82	25.4
26.84	24.5
26.86	26.5
26.88	31.0
26.90	35.2
26.92	36.8
26.94	33.9
26.96	37.9
26.98	34.6
27.00	39.6
27.02	37.0
27.04	43.5
27.06	39.1
27.08	41.4
27.10	45.7
27.12	48.8
27.14	44.2
27.16	48.2
27.18	51.4
27.20	52.8
27.22	50.7
27.24	54.4
27.26	54.2
27.28	60.0
27.30	58.1
27.32	53.0
27.34	50.8
27.36	58.1
27.38	61.5
27.40	58.5
27.42	60.6
27.44	56.3
27.46	53.3
27.48	59.3
27.50	56.8
27.52	57.9
27.54	50.9
27.56	54.7
27.58	51.3
27.60	54.5
27.62	49.2
27.64	47.9
27.66	46.7
27.68	50.9
27.70	45.8
27.72	42.0
27.74	39.8
27.76	38.2
27.78	44.2
27.80	32.9
27.82	34.3
27.84	37.2
27.86	37.3
27.88	31.9
27.90	33.2
27.92	31.8
27.94	31.1
27.96	26.9
27.98	30.4
28.00	24.9
28.02	27.7
28.04	18.7
28.06	23.7
28.08	16.1
28.10	14.4
28.12	19.5
28.14	14.6
28.16	17.7
28.18	12.4
28.20	19.7
28.22	14.3
28.24	10.2
28.26	13.6
28.28	15.2
28.30	9.8
28.32	13.2
28.34	17.4
28.36	13.6
28.38	10.6
28.40	8.6
28.42	11.8
28.44	5.3
28.46	0.5
28.48	7.5
28.50	6.1
28.52	14.4
28.54	9.4
28.56	6.0
28.58	5.3
28.60	10.2
28.62	6.2
28.64	6.8
28.66	8.3
28.68	8.7
28.70	8.7
28.72	8.8
28.74	12.3
28.76	13.5
28.78	3.4
28.80	16.0
28.82	8.7
28.84	12.0
28.86	6.1
28.88	9.2
28.90	8.9
28.92	8.6
28.94	10.8
28.96	10.1
28.98	5.2
29.00	7.9
29.02	10.4
29.04	10.3
29.06	7.2
29.08	7.4
29.10	7.8
29.12	4.9
29.14	4.4
29.16	12.9
29.18	7.0
29.20	8.5
29.22	6.0
29.24	12.1
29.26	13.5
29.28	7.6
29.30	9.8
29.32	6.0
29.34	13.5
29.36	11.0
29.38	5.7
29.40	12.0
29.42	9.3
29.44	9.5
29.46	9.3
29.48	6.2
29.50	6.6
29.52	10.1
29.54	8.1
29.56	5.4
29.58	14.3
29.60	7.6
29.62	6.5
29.64	6.1
29.66	10.3
29.68	11.1
29.70	8.9
29.72	10.8
29.74	3.7
29.76	7.1
29.78	6.8
29.80	8.2
29.82	9.7
29.84	2.1
29.86	17.6
29.88	5.6
29.90	9.2
29.92	10.7
29.94	10.7
29.96	8.9
29.98	0.0
30.00	4.9
30.02	10.4
30.04	5.4
30.06	5.0
30.08	1.1
30.10	11.8
30.12	9.7
30.14	5.5
30.16	7.7
30.18	7.8
30.20	4.8
30.22	7.3
30.24	8.9
30.26	9.8
30.28	11.9
30.30	8.2
30.32	6.7
30.34	9.3
30.36	6.2
30.38	4.3
30.40	11.5
30.42	6.9
30.44	8.4
30.46	10.0
30.48	4.7
30.50	10.0
30.52	9.4
30.54	7.8
30.56	9.2
30.58	5.8
30.60	1.4
30.62	7.2
30.64	5.3
30.66	10.7
30.68	8.8
30.70	6.5
30.72	8.2
30.74	12.1
30.76	11.5
30.78	9.2
30.80	9.3
30.82	7.2
30.84	7.7
30.86	9.8
30.88	7.7
30.90	8.9
30.92	4.7
30.94	3.0
30.96	3.0
30.98	6.7
31.00	12.0
31.02	11.6
31.04	5.1
31.06	3.4
31.08	10.4
31.10	9.4
31.12	3.9
31.14	11.2
31.16	8.6
31.18	12.0
31.20	9.1
31.22	10.7
31.24	9.0
31.26	5.2
31.28	7.3
31.30	6.0
31.32	10.5
31.34	5.1
31.36	3.4
31.38	10.1
31.40	11.5
31.42	12.4
31.44	11.3
31.46	3.5
31.48	5.9
31.50	6.4
31.52	8.0
31.54	1.6
31.56	8.0
31.58	8.9
31.60	5.2
31.62	8.4
31.64	11.6
31.66	8.2
31.68	11.2
31.70	11.1
31.72	9.3
31.74	9.2
31.76	6.9
31.78	11.8
31.80	6.6
31.82	5.9
31.84	10.2
31.86	5.9
31.88	9.3
31.90	11.2
31.92	8.3
31.94	8.4
31.96	10.8
31.98	10.3
32.00	3.4
32.02	4.1
32.04	12.0
32.06	9.2
32.08	1.8
32.10	4.0
32.12	8.1
32.14	5.1
32.16	9.5
32.18	8.3
32.20	9.5
32.22	4.5
32.24	9.9
32.26	13.9
32.28	5.7
32.30	12.0
32.32	11.0
32.34	10.0
32.36	7.9
32.38	4.6
32.40	5.4
32.42	10.4
32.44	11.0
32.46	11.7
32.48	11.0
32.50	10.8
32.52	6.8
32.54	4.4
32.56	8.7
32.58	9.6
32.60	8.3
32.62	3.5
32.64	6.5
32.66	3.6
32.68	8.5
32.70	4.9
32.72	7.6
32.74	9.0
32.76	8.5
32.78	12.2
32.80	4.8
32.82	1.5
32.84	10.9
32.86	12.3
32.88	12.4
32.90	8.9
32.92	9.7
32.94	8.5
32.96	4.2
32.98	6.4
33.00	9.6
33.02	6.4
33.04	13.8
33.06	3.5
33.08	6.8
33.10	11.4
33.12	6.3
33.14	4.7
33.16	4.0
33.18	5.9
33.20	12.6
33.22	9.3
33.24	9.6
33.26	6.5
33.28	10.6
33.30	8.4
33.32	5.3
33.34	6.7
33.36	8.7
33.38	11.6
33.40	7.9
33.42	9.6
33.44	14.2
33.46	5.7
33.48	4.4
33.50	11.1
33.52	9.4
33.54	7.8
33.56	8.9
33.58	7.1
33.60	9.7
33.62	7.1
33.64	10.5
33.66	4.6
33.68	5.7
33.70	8.5
33.72	6.7
33.74	10.2
33.76	8.0
33.78	6.5
33.80	8.7
33.82	6.5
33.84	3.4
33.86	4.7
33.88	5.7
33.90	6.7
33.92	8.4
33.94	10.8
33.96	9.8
33.98	13.5
34.00	11.9
34.02	7.6
34.04	13.1
34.06	11.7
34.08	6.8
34.10	9.1
34.12	11.4
34.14	8.9
34.16	11.2
34.18	9.3
34.20	10.2
34.22	7.2
34.24	9.3
34.26	7.0
34.28	10.2
34.30	3.1
34.32	9.1
34.34	11.9
34.36	9.9
34.38	8.1
34.40	9.8
34.42	5.6
34.44	5.6
34.46	7.1
34.48	7.7
34.50	11.0
34.52	5.5
34.54	11.1
34.56	3.4
34.58	5.8
34.60	8.0
34.62	11.6
34.64	6.3
34.66	1.7
34.68	9.4
34.70	8.1
34.72	4.9
34.74	5.0
34.76	6.1
34.78	8.4
34.80	10.1
34.82	3.7
34.84	15.0
34.86	8.0
34.88	7.0
34.90	10.2
34.92	8.5
34.94	15.1
34.96	11.4
34.98	7.0
35.00	7.0
35.02	6.6
35.04	7.1
35.06	10.2
35.08	6.2
35.10	13.0
35.12	7.9
35.14	7.7
35.16	11.0
35.18	2.2
35.20	5.3
35.22	9.9
35.24	8.2
35.26	8.1
35.28	9.3
35.30	6.3
35.32	7.6
35.34	4.0
35.36	2.5
35.38	11.9
35.40	5.3
35.42	6.0
35.44	12.3
35.46	11.3
35.48	6.5
35.50	6.5
35.52	7.9
35.54	5.3
35.56	9.8
35.58	8.6
35.60	8.5
35.62	10.4
35.64	10.3
35.66	13.6
35.68	12.7
35.70	3.0
35.72	10.8
35.74	4.8
35.76	3.8
35.78	10.2
35.80	6.0
35.82	7.2
35.84	11.3
35.86	6.1
35.88	5.4
35.90	9.1
35.92	11.8
35.94	9.7
35.96	3.5
35.98	6.2
36.00	7.7
36.02	13.9
36.04	10.8
36.06	10.7
36.08	11.7
36.10	7.2
36.12	9.6
36.14	9.6
36.16	5.2
36.18	8.1
36.20	9.8
36.22	4.9
36.24	10.5
36.26	10.4
36.28	11.2
36.30	5.8
36.32	8.5
36.34	12.5
36.36	10.5
36.38	5.8
36.40	8.8
36.42	12.4
36.44	7.9
36.46	9.3
36.48	15.9
36.50	8.1
36.52	7.9
36.54	5.2
36.56	6.3
36.58	12.8
36.60	7.9
36.62	4.8
36.64	5.6
36.66	8.5
36.68	10.8
36.70	6.3
36.72	10.8
36.74	7.2
36.76	9.8
36.78	10.4
36.80	10.8
36.82	7.8
36.84	8.7
36.86	10.8
36.88	5.6
36.90	10.2
36.92	11.4
36.94	13.2
36.96	10.1
36.98	9.9
37.00	11.2
37.02	8.8
37.04	10.7
37.06	12.9
37.08	12.8
37.10	9.2
37.12	11.7
37.14	6.8
37.16	16.0
37.18	12.4
37.20	15.2
37.22	11.7
37.24	15.2
37.26	17.4
37.28	19.5
37.30	13.0
37.32	20.2
37.34	17.8
37.36	16.6
37.38	20.9
37.40	19.2
37.42	19.8
37.44	19.2
37.46	22.6
37.48	22.6
37.50	22.5
37.52	20.7
37.54	22.6
37.56	25.9
37.58	29.0
37.60	25.5
37.62	30.3
37.64	26.4
37.66	23.5
37.68	29.0
37.70	24.4
37.72	28.8
37.74	30.9
37.76	26.9
37.78	27.7
37.80	35.3
37.82	28.6
37.84	28.6
37.86	30.1
37.88	27.3
37.90	27.1
37.92	28.2
37.94	19.6
37.96	30.6
37.98	22.8
38.00	22.4
38.02	26.8
38.04	24.7
38.06	20.4
38.08	24.2
38.10	19.6
38.12	20.4
38.14	17.4
38.16	18.8
38.18	21.9
38.20	20.4
38.22	20.4
38.24	21.6
38.26	18.1
38.28	15.7
38.30	16.3
38.32	21.5
38.34	16.1
38.36	16.4
38.38	14.6
38.40	15.2
38.42	15.3
38.44	13.5
38.46	12.6
38.48	10.3
38.50	9.7
38.52	13.1
38.54	13.8
38.56	14.0
38.58	11.1
38.60	8.2
38.62	12.3
38.64	12.0
38.66	5.4
38.68	12.1
38.70	11.3
38.72	14.4
38.74	5.8
38.76	5.2
38.78	11.3
38.80	3.5
38.82	6.5
38.84	5.4
38.86	5.5
38.88	2.8
38.90	7.7
38.92	11.3
38.94	9.6
38.96	9.6
38.98	7.1
39.00	12.5
39.02	9.7
39.04	11.3
39.06	3.5
39.08	9.1
39.10	4.7
39.12	9.1
39.14	8.6
39.16	4.7
39.18	8.6
39.20	11.5
39.22	9.5
39.24	9.8
39.26	5.4
39.28	6.0
39.30	4.7
39.32	8.4
39.34	11.6
39.36	9.3
39.38	8.0
39.40	4.7
39.42	9.3
39.44	7.3
39.46	2.3
39.48	2.8
39.50	7.0
39.52	5.3
39.54	12.9
39.56	8.1
39.58	4.9
39.60	6.5
39.62	12.8
39.64	5.2
39.66	10.3
39.68	9.3
39.70	12.4
39.72	9.6
39.74	6.8
39.76	9.6
39.78	8.2
39.80	10.9
39.82	7.8
39.84	13.9
39.86	7.7
39.88	9.3
39.90	6.1
39.92	8.4
39.94	8.1
39.96	8.5
39.98	10.7
40.00	6.4
40.02	5.5
40.04	11.3
40.06	7.2
40.08	6.0
40.10	11.5
40.12	10.4
40.14	0.1
40.16	6.9
40.18	10.4
40.20	10.5
40.22	6.5
40.24	12.7
40.26	5.7
40.28	7.4
40.30	8.4
40.32	8.0
40.34	10.5
40.36	11.1
40.38	7.9
40.40	12.2
40.42	6.0
40.44	7.4
40.46	13.2
40.48	8.4
40.50	11.3
40.52	6.8
40.54	7.3
40.56	7.8
40.58	8.6
40.60	7.1
40.62	8.1
40.64	10.1
40.66	11.7
40.68	8.4
40.70	10.0
40.72	10.8
40.74	4.9
40.76	3.4
40.78	12.9
40.80	12.0
40.82	8.3
40.84	9.1
40.86	5.3
40.88	4.0
40.90	9.0
40.92	3.7
40.94	10.8
40.96	6.1
40.98	9.0
41.00	13.9
41.02	13.7
41.04	7.3
41.06	11.3
41.08	5.0
41.10	6.3
41.12	9.2
41.14	12.2
41.16	6.4
41.18	9.7
41.20	8.4
41.22	4.3
41.24	7.7
41.26	12.6
41.28	7.8
41.30	9.6
41.32	10.6
41.34	5.9
41.36	11.8
41.38	12.6
41.40	12.9
41.42	12.0
41.44	6.7
41.46	6.3
41.48	5.7
41.50	5.4
41.52	5.7
41.54	11.0
41.56	12.4
41.58	6.2
41.60	10.5
41.62	4.3
41.64	7.1
41.66	5.1
41.68	3.2
41.70	8.2
41.72	8.3
41.74	6.8
41.76	6.5
41.78	5.1
41.80	7.7
41.82	6.2
41.84	8.8
41.86	4.4
41.88	8.7
41.90	9.6
41.92	11.8
41.94	11.2
41.96	8.6
41.98	6.0
42.00	2.5
42.02	8.0
42.04	12.3
42.06	13.0
42.08	0.4
42.10	5.8
42.12	7.0
42.14	4.9
42.16	8.6
42.18	8.1
42.20	6.5
42.22	7.9
42.24	3.2
42.26	5.1
42.28	5.3
42.30	10.7
42.32	3.1
42.34	7.4
42.36	10.4
42.38	7.9
42.40	10.5
42.42	6.1
42.44	9.3
42.46	10.7
42.48	14.7
42.50	10.2
42.52	12.3
42.54	8.1
42.56	8.3
42.58	12.7
42.60	9.8
42.62	12.3
42.64	10.2
42.66	14.4
42.68	15.2
42.70	5.5
42.72	13.6
42.74	9.4
42.76	9.5
42.78	7.7
42.80	10.2
42.82	4.7
42.84	5.9
42.86	5.8
42.88	8.9
42.90	10.8
42.92	10.3
42.94	9.2
42.96	6.3
42.98	2.8
43.00	9.3
43.02	8.5
43.04	9.2
43.06	12.4
43.08	7.5
43.10	7.5
43.12	1.1
43.14	9.8
43.16	7.9
43.18	5.9
43.20	9.2
43.22	5.0
43.24	6.5
43.26	14.0
43.28	10.3
43.30	10.9
43.32	10.3
43.34	10.0
43.36	8.7
43.38	14.9
43.40	7.9
43.42	10.3
43.44	7.4
43.46	7.0
43.48	0.8
43.50	2.3
43.52	12.7
43.54	12.5
43.56	6.8
43.58	8.0
43.60	9.9
43.62	5.1
43.64	13.4
43.66	4.9
43.68	5.9
43.70	0.0
43.72	12.6
43.74	8.2
43.76	12.9
43.78	5.0
43.80	9.1
43.82	8.3
43.84	8.6
43.86	14.3
43.88	14.8
43.90	12.2
43.92	6.8
43.94	10.7
43.96	12.1
43.98	9.7
44.00	9.7
44.02	9.5
44.04	5.3
44.06	8.8
44.08	12.8
44.10	5.0
44.12	8.3
44.14	10.5
44.16	3.9
44.18	7.6
44.20	2.9
44.22	6.2
44.24	3.8
44.26	5.3
44.28	6.6
44.30	7.2
44.32	7.4
44.34	0.8
44.36	12.8
44.38	7.2
44.40	4.7
44.42	6.1
44.44	8.9
44.46	5.0
44.48	6.8
44.50	6.6
44.52	9.6
44.54	5.8
44.56	9.4
44.58	9.0
44.60	7.6
44.62	11.7
44.64	8.1
44.66	4.5
44.68	8.9
44.70	8.4
44.72	7.9
44.74	8.7
44.76	15.0
44.78	8.7
44.80	9.4
44.82	7.3
44.84	11.9
44.86	7.8
44.88	5.6
44.90	4.3
44.92	9.6
44.94	10.2
44.96	3.2
44.98	5.8
45.00	9.9
45.02	11.1
45.04	4.0
45.06	6.8
45.08	10.5
45.10	6.4
45.12	6.6
45.14	6.4
45.16	4.1
45.18	8.1
45.20	8.9
45.22	3.8
45.24	8.3
45.26	11.3
45.28	8.6
45.30	10.8
45.32	6.3
45.34	12.1
45.36	5.6
45.38	13.7
45.40	6.6
45.42	5.8
45.44	5.3
45.46	6.8
45.48	6.5
45.50	5.9
45.52	7.0
45.54	10.0
45.56	10.6
45.58	7.0
45.60	11.7
45.62	5.0
45.64	4.9
45.66	4.6
45.68	9.8
45.70	3.3
45.72	3.8
45.74	11.8
45.76	13.1
45.78	12.0
45.80	3.5
45.82	8.0
45.84	10.5
45.86	8.3
45.88	3.1
45.90	7.0
45.92	2.9
45.94	4.3
45.96	14.4
45.98	10.0
46.00	3.6
46.02	3.5
46.04	9.3
46.06	6.1
46.08	9.7
46.10	6.0
46.12	7.4
46.14	8.7
46.16	4.9
46.18	2.2
46.20	4.4
46.22	5.9
46.24	7.4
46.26	7.8
46.28	7.8
46.30	9.5
46.32	5.3
46.34	12.1
46.36	14.0
46.38	9.1
46.40	8.5
46.42	11.7
46.44	9.9
46.46	8.5
46.48	7.5
46.50	5.7
46.52	4.4
46.54	9.9
46.56	11.5
46.58	4.8
46.60	7.7
46.62	8.6
46.64	6.7
46.66	5.7
46.68	6.8
46.70	2.0
46.72	7.8
46.74	7.1
46.76	14.3
46.78	10.8
46.80	6.9
46.82	7.9
46.84	13.1
46.86	12.8
46.88	8.5
46.90	7.6
46.92	3.6
46.94	7.0
46.96	7.4
46.98	5.7
47.00	13.1
47.02	2.3
47.04	7.5
47.06	9.2
47.08	9.3
47.10	13.0
47.12	3.8
47.14	5.7
47.16	8.2
47.18	8.3
47.20	6.8
47.22	5.7
47.24	11.2
47.26	4.8
47.28	6.2
47.30	12.3
47.32	13.1
47.34	10.6
47.36	5.4
47.38	5.4
47.40	5.2
47.42	4.5
47.44	6.7
47.46	11.8
47.48	8.6
47.50	5.7
47.52	5.6
47.54	4.4
47.56	11.6
47.58	1.9
47.60	8.8
47.62	3.6
47.64	4.8
47.66	3.5
47.68	10.8
47.70	7.7
47.72	16.1
47.74	4.8
47.76	4.6
47.78	9.7
47.80	9.6
47.82	7.1
47.84	1.8
47.86	12.2
47.88	9.6
47.90	9.1
47.92	6.1
47.94	9.8
47.96	6.2
47.98	8.0
48.00	7.3
48.02	11.6
48.04	6.5
48.06	6.8
48.08	11.2
48.10	8.5
48.12	7.8
48.14	7.1
48.16	10.7
48.18	5.9
48.20	9.3
48.22	13.9
48.24	9.0
48.26	5.5
48.28	4.2
48.30	8.3
48.32	4.1
48.34	3.0
48.36	5.5
48.38	4.5
48.40	10.4
48.42	3.5
48.44	12.6
48.46	5.6
48.48	8.2
48.50	9.8
48.52	8.5
48.54	10.0
48.56	4.8
48.58	1.0
48.60	7.2
48.62	2.7
48.64	6.0
48.66	10.6
48.68	7.2
48.70	6.0
48.72	4.4
48.74	6.9
48.76	7.2
48.78	3.0
48.80	8.6
48.82	4.5
48.84	8.4
48.86	6.4
48.88	10.7
48.90	10.3
48.92	7.8
48.94	7.4
48.96	9.1
48.98	11.9
49.00	11.0
49.02	8.3
49.04	8.7
49.06	12.5
49.08	2.9
49.10	9.5
49.12	5.1
49.14	11.9
49.16	6.4
49.18	7.5
49.20	4.6
49.22	7.9
49.24	10.3
49.26	12.9
49.28	4.1
49.30	6.6
49.32	19.7
49.34	10.8
49.36	7.9
49.38	9.5
49.40	0.0
49.42	12.8
49.44	8.4
49.46	3.7
49.48	11.5
49.50	6.1
49.52	4.9
49.54	9.6
49.56	9.2
49.58	6.6
49.60	7.8
49.62	4.0
49.64	3.7
49.66	10.7
49.68	12.0
49.70	9.3
49.72	9.1
49.74	6.8
49.76	7.6
49.78	5.2
49.80	13.3
49.82	6.3
49.84	9.2
49.86	8.0
49.88	3.8
49.90	13.8
49.92	6.9
49.94	5.7
49.96	8.3
49.98	5.3
50.00	8.1
50.02	5.1
50.04	9.7
50.06	8.2
50.08	3.9
50.10	11.1
50.12	8.6
50.14	4.7
50.16	9.1
50.18	9.3
50.20	13.6
50.22	5.4
50.24	10.6
50.26	7.7
50.28	9.9
50.30	7.2
50.32	7.8
50.34	9.5
50.36	4.4
50.38	1.7
50.40	8.0
50.42	6.7
50.44	8.3
50.46	10.0
50.48	7.4
50.50	11.6
50.52	7.9
50.54	8.4
50.56	10.6
50.58	9.8
50.60	7.8
50.62	8.5
50.64	5.8
50.66	6.2
50.68	8.4
50.70	10.5
50.72	6.8
50.74	10.6
50.76	13.9
50.78	14.6
50.80	8.2
50.82	11.3
50.84	10.0
50.86	10.5
50.88	10.7
50.90	9.7
50.92	10.6
50.94	8.7
50.96	7.4
50.98	8.9
51.00	9.6
51.02	11.8
51.04	9.3
51.06	10.4
51.08	12.5
51.10	5.4
51.12	7.4
51.14	9.8
51.16	8.2
51.18	5.1
51.20	11.1
51.22	8.0
51.24	5.2
51.26	13.9
51.28	4.3
51.30	8.1
51.32	6.1
51.34	8.5
51.36	9.8
51.38	5.7
51.40	7.8
51.42	7.8
51.44	5.1
51.46	11.7
51.48	8.7
51.50	7.3
51.52	6.1
51.54	7.1
51.56	8.6
51.58	6.7
51.60	11.9
51.62	0.5
51.64	1.7
51.66	7.4
51.68	2.6
51.70	7.9
51.72	6.2
51.74	9.9
51.76	9.4
51.78	12.1
51.80	10.9
51.82	11.9
51.84	9.7
51.86	11.3
51.88	9.6
51.90	6.4
51.92	4.4
51.94	4.5
51.96	9.6
51.98	1.0
52.00	8.7
52.02	5.9
52.04	10.3
52.06	8.7
52.08	5.9
52.10	8.2
52.12	1.3
52.14	8.9
52.16	9.5
52.18	2.6
52.20	10.7
52.22	7.8
52.24	8.7
52.26	3.9
52.28	10.0
52.30	9.9
52.32	8.1
52.34	5.2
52.36	10.4
52.38	11.9
52.40	9.4
52.42	11.2
52.44	6.4
52.46	8.6
52.48	9.3
52.50	8.6
52.52	16.7
52.54	9.5
52.56	6.5
52.58	10.7
52.60	5.0
52.62	9.3
52.64	10.5
52.66	6.8
52.68	7.3
52.70	5.4
52.72	8.7
52.74	6.2
52.76	13.5
52.78	10.2
52.80	7.6
52.82	4.0
52.84	14.4
52.86	12.2
52.88	9.7
52.90	8.9
52.92	8.8
52.94	6.9
52.96	14.0
52.98	8.9
53.00	4.0
53.02	6.3
53.04	0.6
53.06	10.3
53.08	10.6
53.10	13.6
53.12	14.6
53.14	6.0
53.16	9.7
53.18	11.3
53.20	10.7
53.22	6.8
53.24	10.7
53.26	9.8
53.28	12.4
53.30	8.2
53.32	7.6
53.34	6.8
53.36	7.1
53.38	6.0
53.40	7.3
53.42	9.8
53.44	9.6
53.46	12.2
53.48	11.5
53.50	10.1
53.52	4.8
53.54	10.0
53.56	11.7
53.58	4.3
53.60	4.9
53.62	5.4
53.64	5.1
53.66	7.3
53.68	5.4
53.70	9.4
53.72	4.6
53.74	7.8
53.76	6.7
53.78	5.3
53.80	11.3
53.82	8.3
53.84	9.8
53.86	7.2
53.88	10.3
53.90	10.0
53.92	7.7
53.94	2.8
53.96	10.6
53.98	10.2
54.00	8.7
54.02	8.9
54.04	8.5
54.06	8.8
54.08	5.2
54.10	8.0
54.12	9.1
54.14	6.3
54.16	5.3
54.18	13.8
54.20	10.0
54.22	7.3
54.24	6.7
54.26	0.2
54.28	3.9
54.30	7.4
54.32	12.0
54.34	2.0
54.36	6.1
54.38	13.9
54.40	10.2
54.42	9.4
54.44	11.8
54.46	7.8
54.48	7.6
54.50	10.3
54.52	10.7
54.54	5.0
54.56	12.8
54.58	2.9
54.60	6.1
54.62	17.4
54.64	6.6
54.66	10.2
54.68	5.2
54.70	7.2
54.72	6.0
54.74	7.0
54.76	10.2
54.78	13.4
54.80	10.8
54.82	12.9
54.84	6.7
54.86	12.6
54.88	9.9
54.90	12.3
54.92	6.9
54.94	7.5
54.96	12.3
54.98	10.0
55.00	8.5
55.02	6.1
55.04	7.9
55.06	9.6
55.08	10.3
55.10	6.5
55.12	7.1
55.14	9.4
55.16	4.8
55.18	10.9
55.20	8.1
55.22	7.7
55.24	0.8
55.26	3.3
55.28	4.9
55.30	6.3
55.32	4.7
55.34	9.1
55.36	8.4
55.38	7.2
55.40	1.9
55.42	12.2
55.44	7.2
55.46	9.8
55.48	6.0
55.50	8.0
55.52	10.1
55.54	8.7
55.56	10.9
55.58	7.4
55.60	14.0
55.62	2.3
55.64	6.3
55.66	10.9
55.68	7.2
55.70	6.7
55.72	2.7
55.74	11.6
55.76	2.3
55.78	9.5
55.80	8.6
55.82	10.6
55.84	12.3
55.86	5.9
55.88	5.5
55.90	7.0
55.92	2.8
55.94	10.4
55.96	6.7
55.98	8.4
56.00	4.5
56.02	8.0
56.04	6.1
56.06	7.7
56.08	4.6
56.10	11.0
56.12	6.0
56.14	0.2
56.16	9.8
56.18	7.0
56.20	5.2
56.22	15.4
56.24	7.7
56.26	3.9
56.28	6.0
56.30	9.0
56.32	7.2
56.34	11.6
56.36	11.1
56.38	5.5
56.40	8.0
56.42	9.8
56.44	6.6
56.46	6.5
56.48	10.5
56.50	9.2
56.52	3.7
56.54	6.2
56.56	6.6
56.58	7.5
56.60	5.7
56.62	11.9
56.64	5.0
56.66	4.6
56.68	8.5
56.70	1.1
56.72	4.8
56.74	9.8
56.76	3.9
56.78	5.3
56.80	11.1
56.82	9.3
56.84	8.1
56.86	8.6
56.88	5.9
56.90	8.8
56.92	7.3
56.94	15.4
56.96	9.5
56.98	6.9
57.00	7.8
57.02	8.1
57.04	3.8
57.06	5.4
57.08	12.5
57.10	3.7
57.12	6.2
57.14	11.0
57.16	12.5
57.18	4.9
57.20	12.3
57.22	6.8
57.24	12.9
57.26	9.4
57.28	7.1
57.30	10.1
57.32	9.6
57.34	5.6
57.36	14.4
57.38	6.9
57.40	11.4
57.42	6.5
57.44	2.5
57.46	4.6
57.48	7.7
57.50	10.0
57.52	13.2
57.54	8.2
57.56	7.1
57.58	4.3
57.60	7.8
57.62	8.9
57.64	1.3
57.66	11.9
57.68	11.4
57.70	14.8
57.72	5.2
57.74	8.1
57.76	8.0
57.78	4.0
57.80	5.4
57.82	5.0
57.84	9.5
57.86	9.2
57.88	12.0
57.90	6.7
57.92	3.7
57.94	9.3
57.96	9.1
57.98	9.9
58.00	11.7
58.02	6.2
58.04	10.3
58.06	4.9
58.08	8.4
58.10	10.0
58.12	7.6
58.14	8.6
58.16	3.8
58.18	6.0
58.20	8.4
58.22	4.3
58.24	5.4
58.26	15.2
58.28	8.7
58.30	5.4
58.32	4.8
58.34	12.0
58.36	0.0
58.38	6.8
58.40	9.6
58.42	6.0
58.44	9.3
58.46	4.5
58.48	7.6
58.50	7.8
58.52	7.7
58.54	8.1
58.56	7.8
58.58	11.0
58.60	6.8
58.62	5.9
58.64	6.8
58.66	6.7
58.68	3.0
58.70	1.9
58.72	3.5
58.74	8.5
58.76	5.6
58.78	6.4
58.80	16.2
58.82	11.0
58.84	7.0
58.86	5.7
58.88	11.7
58.90	5.3
58.92	11.3
58.94	9.4
58.96	11.8
58.98	5.4
59.00	10.3
59.02	2.2
59.04	7.1
59.06	10.8
59.08	9.7
59.10	2.1
59.12	9.6
59.14	9.0
59.16	7.4
59.18	5.4
59.20	6.7
59.22	5.9
59.24	10.4
59.26	9.0
59.28	10.8
59.30	9.7
59.32	3.7
59.34	8.0
59.36	14.0
59.38	4.2
59.40	8.4
59.42	5.2
59.44	4.9
59.46	8.2
59.48	10.3
59.50	9.9
59.52	9.0
59.54	10.4
59.56	2.7
59.58	10.0
59.60	8.8
59.62	7.0
59.64	7.5
59.66	5.0
59.68	11.1
59.70	5.3
59.72	3.1
59.74	7.6
59.76	5.8
59.78	7.4
59.80	12.1
59.82	7.2
59.84	7.9
59.86	14.4
59.88	3.4
59.90	8.7
59.92	11.1
59.94	12.1
59.96	14.3
59.98	5.6
