?
10.00	9.0
10.02	10.5
10.04	9.0
10.06	4.1
10.08	10.7
10.10	9.3
10.12	6.4
10.14	9.7
10.16	9.1
10.18	8.9
10.20	8.1
10.22	9.6
10.24	5.8
10.26	7.5
10.28	6.6
10.30	9.8
10.32	8.1
10.34	7.1
10.36	5.7
10.38	7.2
10.40	8.0
10.42	7.2
10.44	11.9
10.46	11.0
10.48	0.0
10.50	2.3
10.52	7.5
10.54	6.7
10.56	8.6
10.58	8.7
10.60	14.4
10.62	4.7
10.64	6.9
10.66	14.1
10.68	9.9
10.70	10.0
10.72	6.5
10.74	3.1
10.76	8.5
10.78	8.3
10.80	4.3
10.82	6.0
10.84	7.8
10.86	5.2
10.88	7.7
10.90	8.3
10.92	8.1
10.94	6.5
10.96	9.8
10.98	10.7
11.00	9.0
11.02	5.5
11.04	10.2
11.06	6.5
11.08	10.6
11.10	4.8
11.12	10.7
11.14	7.9
11.16	4.3
11.18	7.1
11.20	8.2
11.22	8.8
11.24	5.1
11.26	4.7
11.28	8.6
11.30	6.6
11.32	8.7
11.34	10.3
11.36	3.1
11.38	8.8
11.40	11.7
11.42	7.1
11.44	5.6
11.46	10.3
11.48	8.8
11.50	10.7
11.52	7.0
11.54	3.6
11.56	7.7
11.58	6.7
11.60	10.3
11.62	8.6
11.64	3.1
11.66	4.4
11.68	10.7
11.70	10.0
11.72	6.1
11.74	8.0
11.76	9.3
11.78	9.4
11.80	10.6
11.82	8.8
11.84	7.7
11.86	7.2
11.88	11.2
11.90	1.2
11.92	7.6
11.94	8.1
11.96	3.7
11.98	9.0
12.00	6.0
12.02	10.6
12.04	7.6
12.06	10.0
12.08	11.7
12.10	9.1
12.12	5.4
12.14	3.5
12.16	13.3
12.18	7.7
12.20	5.9
12.22	8.4
12.24	7.4
12.26	10.6
12.28	8.1
12.30	8.0
12.32	5.9
12.34	9.4
12.36	4.9
12.38	10.0
12.40	12.6
12.42	3.4
12.44	0.6
12.46	9.9
12.48	15.6
12.50	5.0
12.52	4.2
12.54	9.8
12.56	5.5
12.58	6.5
12.60	7.0
12.62	9.6
12.64	6.8
12.66	8.8
12.68	7.5
12.70	5.5
12.72	7.0
12.74	5.1
12.76	8.0
12.78	4.6
12.80	4.7
12.82	12.4
12.84	7.8
12.86	7.8
12.88	9.5
12.90	6.7
12.92	7.3
12.94	9.3
12.96	8.8
12.98	4.5
13.00	10.5
13.02	6.2
13.04	4.8
13.06	5.3
13.08	6.8
13.10	12.9
13.12	4.5
13.14	8.5
13.16	1.6
13.18	8.0
13.20	10.7
13.22	7.3
13.24	6.1
13.26	8.7
13.28	10.1
13.30	10.0
13.32	13.9
13.34	8.6
13.36	6.2
13.38	7.6
13.40	7.8
13.42	8.3
13.44	7.9
13.46	8.5
13.48	3.0
13.50	10.5
13.52	6.3
13.54	4.5
13.56	9.9
13.58	12.0
13.60	9.5
13.62	8.5
13.64	5.2
13.66	16.6
13.68	10.6
13.70	4.6
13.72	5.7
13.74	8.3
13.76	3.3
13.78	8.5
13.80	6.6
13.82	11.7
13.84	10.9
13.86	0.0
13.88	8.1
13.90	3.1
13.92	11.3
13.94	8.5
13.96	9.6
13.98	4.8
14.00	13.5
14.02	14.1
14.04	4.8
14.06	9.1
14.08	6.0
14.10	7.9
14.12	4.2
14.14	13.6
14.16	5.1
14.18	7.1
14.20	9.5
14.22	6.1
14.24	7.3
14.26	6.3
14.28	7.6
14.30	4.5
14.32	6.7
14.34	7.4
14.36	7.0
14.38	8.2
14.40	7.1
14.42	10.3
14.44	7.0
14.46	7.6
14.48	6.0
14.50	6.4
14.52	4.2
14.54	9.6
14.56	4.6
14.58	5.8
14.60	9.1
14.62	9.2
14.64	6.8
14.66	1.9
14.68	9.3
14.70	8.8
14.72	3.8
14.74	10.3
14.76	5.9
14.78	4.6
14.80	8.3
14.82	7.5
14.84	8.6
14.86	3.2
14.88	13.4
14.90	6.2
14.92	3.4
14.94	9.9
14.96	6.9
14.98	9.0
15.00	7.0
15.02	7.8
15.04	8.7
15.06	5.8
15.08	10.0
15.10	6.6
15.12	5.4
15.14	8.2
15.16	9.3
15.18	7.3
15.20	5.4
15.22	9.9
15.24	2.7
15.26	4.9
15.28	8.1
15.30	3.9
15.32	8.1
15.34	7.8
15.36	10.7
15.38	5.3
15.40	6.1
15.42	9.0
15.44	0.6
15.46	17.3
15.48	5.9
15.50	5.8
15.52	10.6
15.54	7.9
15.56	2.7
15.58	9.9
15.60	10.6
15.62	6.7
15.64	7.2
15.66	9.5
15.68	5.3
15.70	9.3
15.72	8.6
15.74	6.0
15.76	3.8
15.78	7.3
15.80	5.4
15.82	11.0
15.84	8.4
15.86	10.3
15.88	8.4
15.90	8.8
15.92	5.7
15.94	10.0
15.96	13.4
15.98	7.1
16.00	6.2
16.02	7.5
16.04	6.6
16.06	5.9
16.08	8.4
16.10	7.1
16.12	12.3
16.14	8.0
16.16	9.0
16.18	10.9
16.20	7.1
16.22	12.3
16.24	6.1
16.26	5.6
16.28	6.9
16.30	7.7
16.32	3.8
16.34	7.9
16.36	3.0
16.38	12.2
16.40	7.8
16.42	6.1
16.44	5.3
16.46	6.8
16.48	7.3
16.50	4.9
16.52	5.2
16.54	7.4
16.56	6.4
16.58	10.8
16.60	11.4
16.62	8.0
16.64	9.4
16.66	4.0
16.68	9.9
16.70	7.9
16.72	9.5
16.74	12.8
16.76	1.2
16.78	8.8
16.80	4.7
16.82	9.8
16.84	4.1
16.86	6.5
16.88	8.6
16.90	9.8
16.92	8.2
16.94	5.6
16.96	6.3
16.98	10.7
17.00	8.0
17.02	2.9
17.04	10.5
17.06	9.2
17.08	10.6
17.10	7.0
17.12	10.5
17.14	4.8
17.16	9.7
17.18	6.5
17.20	10.0
17.22	11.0
17.24	5.8
17.26	7.8
17.28	8.1
17.30	11.6
17.32	10.1
17.34	4.3
17.36	9.4
17.38	10.2
17.40	14.4
17.42	3.0
17.44	6.4
17.46	12.0
17.48	3.9
17.50	4.4
17.52	9.6
17.54	11.1
17.56	6.0
17.58	9.6
17.60	8.4
17.62	12.6
17.64	8.0
17.66	11.0
17.68	5.3
17.70	7.4
17.72	7.7
17.74	11.4
17.76	9.7
17.78	5.7
17.80	10.0
17.82	10.3
17.84	7.7
17.86	7.2
17.88	7.4
17.90	2.9
17.92	8.6
17.94	8.7
17.96	5.4
17.98	10.2
18.00	3.9
18.02	6.3
18.04	6.6
18.06	14.0
18.08	3.2
18.10	9.7
18.12	10.8
18.14	9.1
18.16	11.5
18.18	5.0
18.20	1.2
18.22	10.3
18.24	4.4
18.26	7.0
18.28	4.5
18.30	11.2
18.32	10.6
18.34	5.8
18.36	10.7
18.38	8.4
18.40	7.6
18.42	8.2
18.44	7.4
18.46	9.8
18.48	8.9
18.50	7.0
18.52	11.0
18.54	6.2
18.56	8.9
18.58	9.3
18.60	12.4
18.62	6.5
18.64	13.2
18.66	8.5
18.68	7.4
18.70	6.0
18.72	9.8
18.74	8.1
18.76	4.7
18.78	4.6
18.80	6.3
18.82	6.0
18.84	11.3
18.86	12.1
18.88	10.6
18.90	9.1
18.92	6.7
18.94	8.2
18.96	10.7
18.98	14.4
19.00	10.7
19.02	7.2
19.04	8.1
19.06	6.6
19.08	5.7
19.10	7.4
19.12	8.6
19.14	13.5
19.16	8.2
19.18	12.1
19.20	13.3
19.22	8.2
19.24	12.8
19.26	10.1
19.28	6.7
19.30	8.8
19.32	8.1
19.34	7.3
19.36	7.4
19.38	8.4
19.40	9.3
19.42	5.3
19.44	8.0
19.46	3.4
19.48	8.8
19.50	9.9
19.52	8.5
19.54	8.9
19.56	9.8
19.58	6.0
19.60	7.3
19.62	9.5
19.64	11.0
19.66	9.2
19.68	15.7
19.70	7.7
19.72	11.0
19.74	11.8
19.76	7.6
19.78	5.5
19.80	4.5
19.82	8.5
19.84	11.3
19.86	8.8
19.88	8.5
19.90	6.9
19.92	9.7
19.94	1.6
19.96	8.7
19.98	8.1
20.00	3.9
20.02	14.5
20.04	3.8
20.06	4.8
20.08	4.4
20.10	11.3
20.12	5.3
20.14	10.0
20.16	9.8
20.18	8.8
20.20	4.1
20.22	6.2
20.24	13.0
20.26	4.1
20.28	5.5
20.30	7.5
20.32	10.4
20.34	8.8
20.36	10.2
20.38	4.8
20.40	10.8
20.42	9.7
20.44	3.2
20.46	12.6
20.48	14.9
20.50	5.7
20.52	8.2
20.54	12.2
20.56	3.6
20.58	2.0
20.60	4.1
20.62	6.3
20.64	6.3
20.66	9.8
20.68	8.8
20.70	4.3
20.72	9.7
20.74	13.6
20.76	11.6
20.78	11.0
20.80	8.1
20.82	11.0
20.84	5.1
20.86	10.3
20.88	7.7
20.90	11.4
20.92	9.4
20.94	4.7
20.96	8.4
20.98	11.7
21.00	4.6
21.02	6.3
21.04	5.7
21.06	3.5
21.08	10.9
21.10	11.9
21.12	10.4
21.14	8.7
21.16	7.8
21.18	8.7
21.20	5.8
21.22	10.7
21.24	11.1
21.26	10.8
21.28	6.4
21.30	8.2
21.32	7.5
21.34	13.4
21.36	8.5
21.38	2.4
21.40	9.2
21.42	13.6
21.44	10.1
21.46	10.6
21.48	8.1
21.50	2.1
21.52	2.6
21.54	4.3
21.56	7.6
21.58	8.9
21.60	10.1
21.62	7.0
21.64	10.9
21.66	7.2
21.68	5.9
21.70	10.6
21.72	5.3
21.74	0.0
21.76	4.8
21.78	8.3
21.80	0.0
21.82	6.9
21.84	7.0
21.86	3.7
21.88	3.6
21.90	6.6
21.92	6.4
21.94	11.8
21.96	9.1
21.98	3.3
22.00	5.4
22.02	10.1
22.04	13.7
22.06	9.2
22.08	8.9
22.10	13.6
22.12	7.9
22.14	7.1
22.16	3.8
22.18	6.5
22.20	14.5
22.22	3.7
22.24	8.0
22.26	3.8
22.28	8.4
22.30	10.7
22.32	7.3
22.34	10.2
22.36	10.2
22.38	9.3
22.40	13.1
22.42	10.3
22.44	7.1
22.46	6.0
22.48	5.5
22.50	9.4
22.52	7.0
22.54	16.2
22.56	13.5
22.58	7.4
22.60	7.0
22.62	13.1
22.64	2.3
22.66	6.6
22.68	10.9
22.70	5.3
22.72	6.6
22.74	6.9
22.76	10.0
22.78	8.4
22.80	9.2
22.82	9.8
22.84	8.1
22.86	11.3
22.88	5.8
22.90	3.7
22.92	2.7
22.94	3.1
22.96	6.3
22.98	11.1
23.00	8.5
23.02	6.2
23.04	4.8
23.06	6.4
23.08	6.8
23.10	6.3
23.12	3.7
23.14	6.6
23.16	11.1
23.18	1.5
23.20	7.3
23.22	1.6
23.24	8.5
23.26	5.8
23.28	1.7
23.30	8.3
23.32	13.5
23.34	8.3
23.36	11.5
23.38	7.8
23.40	1.5
23.42	9.5
23.44	6.7
23.46	3.6
23.48	10.4
23.50	8.9
23.52	6.4
23.54	10.6
23.56	5.4
23.58	9.9
23.60	5.2
23.62	9.6
23.64	4.7
23.66	12.5
23.68	8.8
23.70	12.3
23.72	5.5
23.74	6.6
23.76	10.5
23.78	0.0
23.80	4.8
23.82	11.1
23.84	9.4
23.86	10.9
23.88	7.1
23.90	9.7
23.92	5.8
23.94	3.9
23.96	2.9
23.98	6.3
24.00	6.4
24.02	6.1
24.04	0.0
24.06	2.0
24.08	6.4
24.10	8.9
24.12	6.3
24.14	5.4
24.16	1.1
24.18	14.1
24.20	4.7
24.22	13.1
24.24	12.7
24.26	8.8
24.28	6.3
24.30	8.4
24.32	4.5
24.34	8.8
24.36	8.0
24.38	9.6
24.40	10.9
24.42	13.2
24.44	6.8
24.46	11.1
24.48	5.6
24.50	5.3
24.52	6.1
24.54	5.1
24.56	10.9
24.58	10.8
24.60	11.8
24.62	7.9
24.64	8.8
24.66	6.3
24.68	4.5
24.70	9.3
24.72	8.8
24.74	4.7
24.76	9.8
24.78	2.8
24.80	7.5
24.82	6.1
24.84	6.4
24.86	4.7
24.88	10.9
24.90	9.7
24.92	11.6
24.94	8.4
24.96	4.1
24.98	6.9
25.00	4.4
25.02	9.3
25.04	11.6
25.06	8.9
25.08	6.2
25.10	6.9
25.12	8.6
25.14	3.6
25.16	8.4
25.18	8.6
25.20	6.3
25.22	6.7
25.24	8.5
25.26	5.5
25.28	5.5
25.30	10.3
25.32	8.6
25.34	13.0
25.36	5.0
25.38	2.6
25.40	10.8
25.42	10.8
25.44	5.7
25.46	3.5
25.48	7.8
25.50	2.7
25.52	6.9
25.54	1.4
25.56	7.2
25.58	1.5
25.60	7.2
25.62	12.5
25.64	7.1
25.66	10.2
25.68	6.0
25.70	5.2
25.72	3.4
25.74	11.0
25.76	7.7
25.78	12.7
25.80	4.3
25.82	7.2
25.84	8.1
25.86	12.1
25.88	13.3
25.90	5.9
25.92	4.5
25.94	2.6
25.96	11.9
25.98	7.6
26.00	5.9
26.02	7.7
26.04	0.2
26.06	2.7
26.08	10.7
26.10	9.0
26.12	8.3
26.14	4.8
26.16	9.6
26.18	13.2
26.20	4.2
26.22	7.9
26.24	6.5
26.26	8.9
26.28	7.9
26.30	7.4
26.32	5.2
26.34	7.8
26.36	6.0
26.38	7.4
26.40	7.6
26.42	9.8
26.44	6.1
26.46	6.9
26.48	11.1
26.50	7.2
26.52	7.1
26.54	10.4
26.56	8.7
26.58	8.1
26.60	8.5
26.62	4.1
26.64	9.2
26.66	11.8
26.68	9.6
26.70	3.2
26.72	8.7
26.74	5.1
26.76	7.2
26.78	8.3
26.80	4.3
26.82	11.9
26.84	7.7
26.86	10.3
26.88	9.8
26.90	12.0
26.92	11.6
26.94	3.8
26.96	8.6
26.98	2.6
27.00	8.5
27.02	13.4
27.04	16.2
27.06	20.8
27.08	21.0
27.10	30.8
27.12	41.1
27.14	59.5
27.16	80.3
27.18	100.0
27.20	143.9
27.22	170.2
27.24	212.4
27.26	262.9
27.28	313.4
27.30	362.9
27.32	406.3
27.34	453.6
27.36	481.1
27.38	505.6
27.40	512.1
27.42	497.2
27.44	478.0
27.46	446.2
27.48	409.0
27.50	361.4
27.52	312.0
27.54	258.7
27.56	214.8
27.58	174.5
27.60	128.6
27.62	100.5
27.64	76.4
27.66	55.4
27.68	40.2
27.70	35.2
27.72	26.1
27.74	19.5
27.76	11.2
27.78	18.0
27.80	11.0
27.82	7.3
27.84	7.5
27.86	6.8
27.88	14.5
27.90	8.7
27.92	8.2
27.94	1.5
27.96	10.2
27.98	4.8
28.00	4.6
28.02	9.8
28.04	5.4
28.06	10.5
28.08	11.3
28.10	2.6
28.12	7.6
28.14	3.2
28.16	7.8
28.18	10.7
28.20	3.9
28.22	13.4
28.24	7.0
28.26	4.4
28.28	7.6
28.30	10.3
28.32	3.8
28.34	8.0
28.36	3.8
28.38	11.6
28.40	8.4
28.42	6.7
28.44	11.1
28.46	4.1
28.48	6.8
28.50	13.5
28.52	7.6
28.54	12.0
28.56	8.5
28.58	5.8
28.60	7.2
28.62	8.2
28.64	6.7
28.66	5.5
28.68	5.6
28.70	3.5
28.72	8.3
28.74	9.1
28.76	10.2
28.78	2.5
28.80	10.4
28.82	7.9
28.84	3.6
28.86	8.2
28.88	10.4
28.90	9.5
28.92	10.1
28.94	10.8
28.96	10.6
28.98	7.8
29.00	1.7
29.02	5.7
29.04	9.0
29.06	6.5
29.08	10.0
29.10	10.3
29.12	8.1
29.14	13.6
29.16	5.0
29.18	10.7
29.20	6.5
29.22	5.6
29.24	9.7
29.26	6.1
29.28	10.5
29.30	4.4
29.32	8.0
29.34	5.4
29.36	7.2
29.38	6.8
29.40	4.6
29.42	9.9
29.44	4.2
29.46	5.0
29.48	10.6
29.50	10.9
29.52	9.9
29.54	9.0
29.56	14.8
29.58	4.3
29.60	5.7
29.62	5.0
29.64	10.6
29.66	8.8
29.68	11.3
29.70	10.9
29.72	7.3
29.74	5.5
29.76	5.0
29.78	14.6
29.80	10.9
29.82	9.7
29.84	6.9
29.86	7.4
29.88	6.9
29.90	7.0
29.92	0.7
29.94	7.8
29.96	6.8
29.98	8.8
30.00	8.6
30.02	10.5
30.04	7.9
30.06	10.3
30.08	0.3
30.10	4.7
30.12	13.1
30.14	4.3
30.16	7.1
30.18	10.1
30.20	5.3
30.22	10.1
30.24	3.7
30.26	2.2
30.28	4.0
30.30	3.0
30.32	7.9
30.34	7.0
30.36	8.9
30.38	4.9
30.40	15.6
30.42	7.7
30.44	7.8
30.46	9.3
30.48	7.2
30.50	6.1
30.52	8.2
30.54	10.7
30.56	10.0
30.58	10.8
30.60	6.3
30.62	5.6
30.64	14.0
30.66	7.2
30.68	9.4
30.70	10.2
30.72	12.2
30.74	3.9
30.76	6.5
30.78	6.7
30.80	7.1
30.82	0.7
30.84	7.7
30.86	0.0
30.88	8.9
30.90	9.6
30.92	9.8
30.94	4.4
30.96	10.8
30.98	5.4
31.00	4.3
31.02	5.0
31.04	5.4
31.06	8.5
31.08	10.4
31.10	1.7
31.12	6.4
31.14	10.7
31.16	8.6
31.18	9.5
31.20	3.5
31.22	10.8
31.24	3.3
31.26	8.6
31.28	12.1
31.30	13.6
31.32	9.5
31.34	10.6
31.36	6.2
31.38	6.6
31.40	11.5
31.42	8.0
31.44	7.6
31.46	3.8
31.48	8.5
31.50	9.9
31.52	5.6
31.54	6.5
31.56	12.7
31.58	8.5
31.60	7.1
31.62	4.6
31.64	6.1
31.66	7.3
31.68	12.1
31.70	6.2
31.72	13.4
31.74	5.2
31.76	6.9
31.78	10.5
31.80	7.3
31.82	5.5
31.84	7.6
31.86	9.3
31.88	2.9
31.90	7.3
31.92	7.7
31.94	6.8
31.96	10.2
31.98	6.3
32.00	6.9
32.02	8.1
32.04	10.2
32.06	7.3
32.08	12.5
32.10	5.3
32.12	11.9
32.14	5.4
32.16	7.5
32.18	9.1
32.20	14.2
32.22	10.7
32.24	6.8
32.26	11.9
32.28	7.4
32.30	5.6
32.32	9.3
32.34	8.3
32.36	10.9
32.38	6.4
32.40	9.1
32.42	9.9
32.44	8.8
32.46	7.9
32.48	5.9
32.50	10.7
32.52	8.4
32.54	9.5
32.56	6.9
32.58	8.0
32.60	4.9
32.62	8.3
32.64	10.3
32.66	8.3
32.68	10.6
32.70	8.9
32.72	12.1
32.74	7.4
32.76	3.1
32.78	9.3
32.80	7.5
32.82	5.1
32.84	10.0
32.86	8.8
32.88	9.3
32.90	7.0
32.92	8.6
32.94	8.8
32.96	13.3
32.98	5.9
33.00	8.0
33.02	9.1
33.04	2.8
33.06	3.2
33.08	14.5
33.10	2.7
33.12	9.7
33.14	5.5
33.16	5.7
33.18	2.1
33.20	5.3
33.22	10.4
33.24	3.8
33.26	9.8
33.28	8.9
33.30	14.1
33.32	6.6
33.34	11.8
33.36	10.7
33.38	7.1
33.40	3.0
33.42	12.5
33.44	3.9
33.46	6.6
33.48	10.6
33.50	11.3
33.52	5.5
33.54	7.9
33.56	7.2
33.58	11.5
33.60	15.5
33.62	2.5
33.64	10.7
33.66	0.0
33.68	8.0
33.70	4.7
33.72	14.0
33.74	8.5
33.76	5.8
33.78	6.5
33.80	6.3
33.82	8.6
33.84	7.5
33.86	10.0
33.88	12.6
33.90	10.1
33.92	4.3
33.94	3.1
33.96	5.7
33.98	11.2
34.00	7.0
34.02	6.0
34.04	8.4
34.06	3.8
34.08	4.6
34.10	9.5
34.12	7.1
34.14	6.6
34.16	9.0
34.18	6.2
34.20	5.9
34.22	6.6
34.24	9.8
34.26	8.2
34.28	4.4
34.30	7.1
34.32	9.9
34.34	13.6
34.36	4.6
34.38	9.0
34.40	7.2
34.42	10.5
34.44	9.3
34.46	12.4
34.48	9.6
34.50	6.4
34.52	6.4
34.54	9.2
34.56	9.2
34.58	15.2
34.60	13.0
34.62	4.5
34.64	9.1
34.66	4.0
34.68	3.0
34.70	10.2
34.72	9.7
34.74	4.9
34.76	12.9
34.78	5.1
34.80	4.5
34.82	10.0
34.84	8.7
34.86	7.5
34.88	7.8
34.90	8.7
34.92	7.6
34.94	7.5
34.96	2.3
34.98	4.0
35.00	9.8
35.02	5.9
35.04	9.6
35.06	11.7
35.08	6.9
35.10	8.8
35.12	14.2
35.14	10.1
35.16	13.5
35.18	12.6
35.20	10.3
35.22	7.7
35.24	5.5
35.26	4.7
35.28	9.5
35.30	9.4
35.32	7.5
35.34	10.5
35.36	6.2
35.38	11.3
35.40	8.1
35.42	7.9
35.44	8.0
35.46	7.7
35.48	15.5
35.50	3.2
35.52	8.6
35.54	11.9
35.56	10.5
35.58	7.6
35.60	14.0
35.62	6.0
35.64	5.9
35.66	12.4
35.68	7.6
35.70	6.6
35.72	18.7
35.74	21.5
35.76	25.5
35.78	27.1
35.80	35.6
35.82	40.1
35.84	57.7
35.86	66.0
35.88	78.4
35.90	84.4
35.92	107.8
35.94	125.7
35.96	141.0
35.98	155.6
36.00	168.1
36.02	180.5
36.04	194.4
36.06	202.2
36.08	206.9
36.10	207.1
36.12	211.3
36.14	197.5
36.16	192.6
36.18	179.7
36.20	171.2
36.22	157.5
36.24	141.1
36.26	123.5
36.28	101.1
36.30	96.5
36.32	77.8
36.34	63.3
36.36	52.6
36.38	42.0
36.40	36.3
36.42	29.5
36.44	22.2
36.46	11.5
36.48	16.0
36.50	15.1
36.52	13.5
36.54	10.2
36.56	11.2
36.58	12.3
36.60	7.4
36.62	12.9
36.64	2.4
36.66	4.4
36.68	5.4
36.70	0.7
36.72	5.0
36.74	11.8
36.76	11.7
36.78	8.3
36.80	13.2
36.82	8.7
36.84	6.5
36.86	8.7
36.88	7.6
36.90	10.2
36.92	3.5
36.94	11.0
36.96	6.6
36.98	10.6
37.00	3.4
37.02	6.7
37.04	8.2
37.06	10.7
37.08	4.3
37.10	13.0
37.12	9.4
37.14	6.4
37.16	11.7
37.18	8.3
37.20	11.5
37.22	15.0
37.24	10.3
37.26	6.4
37.28	6.7
37.30	9.7
37.32	8.9
37.34	5.5
37.36	6.0
37.38	10.0
37.40	15.0
37.42	0.1
37.44	10.2
37.46	7.4
37.48	10.3
37.50	10.6
37.52	8.2
37.54	5.0
37.56	3.8
37.58	2.4
37.60	11.7
37.62	7.4
37.64	6.4
37.66	7.2
37.68	4.0
37.70	8.9
37.72	12.0
37.74	11.4
37.76	3.3
37.78	12.1
37.80	5.7
37.82	2.3
37.84	4.3
37.86	5.1
37.88	8.0
37.90	4.9
37.92	3.5
37.94	7.2
37.96	13.8
37.98	5.9
38.00	9.4
38.02	8.2
38.04	16.0
38.06	2.3
38.08	11.3
38.10	4.2
38.12	6.2
38.14	7.7
38.16	17.6
38.18	5.7
38.20	2.3
38.22	11.9
38.24	5.5
38.26	7.3
38.28	7.9
38.30	8.3
38.32	7.5
38.34	8.8
38.36	9.2
38.38	10.6
38.40	6.7
38.42	5.8
38.44	4.8
38.46	9.8
38.48	7.9
38.50	9.7
38.52	9.6
38.54	13.1
38.56	8.6
38.58	10.3
38.60	4.4
38.62	4.8
38.64	7.1
38.66	4.3
38.68	10.1
38.70	4.0
38.72	8.2
38.74	0.6
38.76	4.7
38.78	7.0
38.80	7.2
38.82	2.6
38.84	8.3
38.86	10.9
38.88	9.9
38.90	6.0
38.92	6.2
38.94	4.4
38.96	9.9
38.98	12.3
39.00	6.4
39.02	2.9
39.04	8.6
39.06	10.1
39.08	0.0
39.10	8.4
39.12	14.5
39.14	10.5
39.16	9.7
39.18	9.2
39.20	11.2
39.22	5.2
39.24	5.5
39.26	9.2
39.28	5.9
39.30	8.8
39.32	2.3
39.34	10.3
39.36	10.5
39.38	8.1
39.40	8.5
39.42	12.9
39.44	4.8
39.46	5.3
39.48	4.7
39.50	6.7
39.52	5.0
39.54	8.1
39.56	6.0
39.58	3.7
39.60	3.3
39.62	11.6
39.64	7.8
39.66	7.3
39.68	8.1
39.70	7.8
39.72	10.3
39.74	9.7
39.76	6.2
39.78	5.5
39.80	4.7
39.82	4.2
39.84	12.2
39.86	5.3
39.88	1.9
39.90	5.5
39.92	5.6
39.94	9.0
39.96	5.3
39.98	9.6
40.00	9.2
40.02	11.8
40.04	14.5
40.06	16.5
40.08	12.1
40.10	4.5
40.12	6.8
40.14	8.7
40.16	14.2
40.18	10.0
40.20	11.6
40.22	7.5
40.24	9.8
40.26	10.2
40.28	6.6
40.30	10.3
40.32	11.2
40.34	7.5
40.36	11.1
40.38	12.9
40.40	8.2
40.42	8.0
40.44	7.1
40.46	6.1
40.48	8.5
40.50	6.8
40.52	7.1
40.54	5.7
40.56	3.4
40.58	5.2
40.60	9.0
40.62	4.5
40.64	6.2
40.66	13.1
40.68	11.7
40.70	6.4
40.72	10.5
40.74	7.1
40.76	14.5
40.78	8.6
40.80	11.7
40.82	17.0
40.84	12.3
40.86	21.1
40.88	17.9
40.90	25.0
40.92	28.1
40.94	34.5
40.96	41.8
40.98	48.7
41.00	54.3
41.02	69.0
41.04	78.1
41.06	89.5
41.08	99.3
41.10	100.1
41.12	115.9
41.14	122.7
41.16	122.2
41.18	130.1
41.20	132.4
41.22	125.3
41.24	119.7
41.26	117.7
41.28	120.5
41.30	104.8
41.32	91.5
41.34	84.9
41.36	73.0
41.38	65.2
41.40	57.6
41.42	41.2
41.44	42.4
41.46	39.0
41.48	28.4
41.50	23.1
41.52	23.6
41.54	13.4
41.56	11.0
41.58	8.7
41.60	11.0
41.62	11.6
41.64	9.4
41.66	10.7
41.68	11.2
41.70	10.0
41.72	5.9
41.74	7.4
41.76	11.9
41.78	4.9
41.80	7.3
41.82	6.8
41.84	7.5
41.86	4.8
41.88	4.0
41.90	15.7
41.92	10.8
41.94	5.9
41.96	7.8
41.98	10.0
42.00	7.0
42.02	9.8
42.04	6.2
42.06	6.9
42.08	7.7
42.10	6.6
42.12	0.6
42.14	8.1
42.16	8.8
42.18	9.4
42.20	5.0
42.22	9.0
42.24	8.6
42.26	2.7
42.28	1.4
42.30	9.4
42.32	5.1
42.34	11.0
42.36	14.4
42.38	6.3
42.40	5.9
42.42	8.0
42.44	10.0
42.46	4.6
42.48	11.7
42.50	11.0
42.52	10.0
42.54	6.4
42.56	10.7
42.58	10.6
42.60	4.4
42.62	14.3
42.64	7.1
42.66	9.1
42.68	6.4
42.70	9.2
42.72	11.5
42.74	5.6
42.76	3.0
42.78	6.7
42.80	4.1
42.82	5.7
42.84	7.6
42.86	7.8
42.88	11.9
42.90	5.0
42.92	9.1
42.94	6.5
42.96	12.1
42.98	15.6
43.00	8.9
43.02	13.0
43.04	6.4
43.06	3.2
43.08	4.2
43.10	3.3
43.12	5.1
43.14	7.3
43.16	11.5
43.18	10.1
43.20	9.4
43.22	6.7
43.24	5.8
43.26	8.1
43.28	8.4
43.30	8.8
43.32	9.1
43.34	7.6
43.36	2.2
43.38	4.7
43.40	5.5
43.42	13.1
43.44	6.7
43.46	10.0
43.48	12.4
43.50	9.0
43.52	6.8
43.54	7.1
43.56	4.9
43.58	8.9
43.60	11.4
43.62	9.7
43.64	10.3
43.66	10.2
43.68	14.0
43.70	6.1
43.72	8.5
43.74	10.1
43.76	11.7
43.78	0.7
43.80	6.4
43.82	7.4
43.84	4.9
43.86	10.5
43.88	8.7
43.90	6.8
43.92	3.1
43.94	4.0
43.96	5.0
43.98	9.4
44.00	4.3
44.02	1.8
44.04	3.6
44.06	6.2
44.08	13.0
44.10	15.5
44.12	6.6
44.14	10.8
44.16	12.2
44.18	11.9
44.20	7.6
44.22	4.1
44.24	6.5
44.26	2.4
44.28	8.7
44.30	10.3
44.32	2.3
44.34	7.8
44.36	8.9
44.38	11.7
44.40	12.1
44.42	10.4
44.44	5.9
44.46	6.9
44.48	11.6
44.50	6.2
44.52	7.9
44.54	12.7
44.56	8.4
44.58	3.9
44.60	7.1
44.62	9.9
44.64	7.4
44.66	11.5
44.68	11.8
44.70	6.0
44.72	6.5
44.74	7.7
44.76	4.4
44.78	9.1
44.80	7.5
44.82	10.4
44.84	6.2
44.86	5.4
44.88	13.5
44.90	5.4
44.92	6.2
44.94	5.8
44.96	7.1
44.98	5.3
45.00	7.9
45.02	5.9
45.04	6.7
45.06	9.1
45.08	10.1
45.10	9.4
45.12	5.8
45.14	9.2
45.16	7.6
45.18	7.7
45.20	2.8
45.22	10.0
45.24	7.6
45.26	13.1
45.28	9.9
45.30	4.7
45.32	3.9
45.34	11.5
45.36	5.4
45.38	10.1
45.40	7.1
45.42	14.3
45.44	8.2
45.46	12.5
45.48	12.0
45.50	6.6
45.52	7.0
45.54	12.5
45.56	8.0
45.58	5.4
45.60	11.6
45.62	15.8
45.64	7.9
45.66	12.3
45.68	7.6
45.70	12.1
45.72	7.4
45.74	12.1
45.76	9.7
45.78	7.6
45.80	8.8
45.82	6.5
45.84	4.8
45.86	5.0
45.88	8.0
45.90	5.0
45.92	9.5
45.94	9.8
45.96	9.6
45.98	6.7
46.00	8.4
46.02	8.1
46.04	12.2
46.06	5.8
46.08	7.0
46.10	7.5
46.12	7.8
46.14	6.0
46.16	6.3
46.18	11.3
46.20	6.3
46.22	11.0
46.24	14.3
46.26	12.0
46.28	2.8
46.30	10.5
46.32	9.6
46.34	9.8
46.36	3.3
46.38	10.5
46.40	4.9
46.42	12.1
46.44	11.4
46.46	15.9
46.48	7.0
46.50	3.6
46.52	11.3
46.54	10.8
46.56	7.0
46.58	12.3
46.60	10.3
46.62	4.3
46.64	7.1
46.66	6.8
46.68	7.9
46.70	8.8
46.72	6.1
46.74	7.6
46.76	10.0
46.78	8.0
46.80	7.4
46.82	7.3
46.84	7.9
46.86	2.4
46.88	8.7
46.90	5.1
46.92	8.5
46.94	3.8
46.96	10.9
46.98	8.9
47.00	4.1
47.02	8.9
47.04	5.9
47.06	13.6
47.08	9.7
47.10	5.8
47.12	8.9
47.14	8.1
47.16	11.8
47.18	9.3
47.20	9.7
47.22	4.8
47.24	10.6
47.26	14.5
47.28	10.1
47.30	8.1
47.32	8.7
47.34	5.3
47.36	8.8
47.38	4.9
47.40	8.3
47.42	7.0
47.44	5.7
47.46	9.9
47.48	3.7
47.50	8.1
47.52	4.2
47.54	13.7
47.56	14.1
47.58	10.7
47.60	13.9
47.62	10.0
47.64	9.8
47.66	6.9
47.68	5.5
47.70	8.6
47.72	6.6
47.74	6.9
47.76	10.4
47.78	7.8
47.80	3.5
47.82	7.6
47.84	5.9
47.86	7.3
47.88	4.9
47.90	11.8
47.92	13.9
47.94	4.9
47.96	10.1
47.98	10.0
48.00	5.0
48.02	8.5
48.04	12.4
48.06	10.7
48.08	13.0
48.10	4.7
48.12	5.9
48.14	9.1
48.16	9.2
48.18	8.3
48.20	7.0
48.22	6.9
48.24	6.3
48.26	9.5
48.28	0.0
48.30	13.0
48.32	6.6
48.34	3.9
48.36	9.8
48.38	3.9
48.40	9.3
48.42	6.9
48.44	9.9
48.46	10.5
48.48	12.0
48.50	6.6
48.52	7.3
48.54	8.1
48.56	3.9
48.58	9.9
48.60	8.5
48.62	4.1
48.64	11.7
48.66	12.2
48.68	4.2
48.70	9.8
48.72	11.9
48.74	10.6
48.76	5.2
48.78	3.9
48.80	7.8
48.82	6.6
48.84	8.1
48.86	7.8
48.88	9.7
48.90	6.4
48.92	7.6
48.94	17.0
48.96	7.7
48.98	10.3
49.00	9.0
49.02	8.7
49.04	5.3
49.06	9.7
49.08	7.9
49.10	10.5
49.12	14.2
49.14	8.6
49.16	10.4
49.18	5.0
49.20	8.4
49.22	12.7
49.24	7.9
49.26	6.2
49.28	8.7
49.30	7.5
49.32	7.3
49.34	7.0
49.36	14.0
49.38	5.5
49.40	6.8
49.42	6.4
49.44	11.8
49.46	7.2
49.48	12.0
49.50	8.6
49.52	8.0
49.54	3.7
49.56	11.7
49.58	9.7
49.60	9.3
49.62	7.7
49.64	6.8
49.66	4.3
49.68	10.9
49.70	8.9
49.72	7.0
49.74	6.2
49.76	8.4
49.78	7.8
49.80	13.0
49.82	10.4
49.84	6.3
49.86	4.7
49.88	7.4
49.90	5.3
49.92	8.3
49.94	9.3
49.96	10.0
49.98	9.3
50.00	7.5
50.02	9.9
50.04	5.4
50.06	7.8
50.08	10.5
50.10	8.9
50.12	4.3
50.14	4.6
50.16	3.2
50.18	13.5
50.20	3.4
50.22	7.7
50.24	13.6
50.26	11.3
50.28	12.0
50.30	6.6
50.32	10.3
50.34	17.2
50.36	8.0
50.38	9.3
50.40	7.2
50.42	8.1
50.44	9.2
50.46	12.3
50.48	5.4
50.50	3.8
50.52	8.2
50.54	8.7
50.56	12.3
50.58	10.3
50.60	6.2
50.62	9.8
50.64	11.5
50.66	9.0
50.68	7.1
50.70	10.1
50.72	7.0
50.74	2.5
50.76	12.1
50.78	4.2
50.80	7.1
50.82	7.2
50.84	7.1
50.86	7.2
50.88	3.8
50.90	9.7
50.92	8.2
50.94	8.2
50.96	11.3
50.98	11.4
51.00	12.1
51.02	13.6
51.04	9.4
51.06	3.5
51.08	8.7
51.10	8.1
51.12	8.3
51.14	6.3
51.16	5.4
51.18	10.5
51.20	11.0
51.22	4.7
51.24	9.7
51.26	7.6
51.28	6.9
51.30	10.1
51.32	7.9
51.34	6.4
51.36	8.2
51.38	2.1
51.40	6.3
51.42	6.8
51.44	3.9
51.46	8.6
51.48	8.9
51.50	6.3
51.52	7.5
51.54	10.1
51.56	11.2
51.58	5.8
51.60	9.1
51.62	11.2
51.64	7.9
51.66	5.7
51.68	5.7
51.70	7.1
51.72	4.9
51.74	14.1
51.76	6.3
51.78	9.2
51.80	8.6
51.82	9.9
51.84	6.9
51.86	4.1
51.88	12.9
51.90	7.8
51.92	8.4
51.94	8.6
51.96	11.8
51.98	10.3
52.00	11.5
52.02	10.5
52.04	8.5
52.06	8.8
52.08	5.8
52.10	2.2
52.12	7.3
52.14	4.8
52.16	15.8
52.18	12.7
52.20	11.5
52.22	6.4
52.24	14.2
52.26	2.9
52.28	4.4
52.30	5.7
52.32	5.1
52.34	8.4
52.36	8.6
52.38	13.7
52.40	11.0
52.42	11.7
52.44	9.3
52.46	7.6
52.48	5.9
52.50	3.5
52.52	5.4
52.54	6.9
52.56	10.3
52.58	2.9
52.60	3.9
52.62	8.7
52.64	4.9
52.66	9.0
52.68	6.8
52.70	5.7
52.72	4.0
52.74	7.7
52.76	5.8
52.78	6.2
52.80	6.1
52.82	8.6
52.84	8.4
52.86	2.9
52.88	7.5
52.90	9.2
52.92	11.1
52.94	10.3
52.96	8.6
52.98	4.6
53.00	5.7
53.02	10.7
53.04	5.9
53.06	11.1
53.08	11.8
53.10	4.8
53.12	9.3
53.14	7.7
53.16	14.1
53.18	10.5
53.20	6.5
53.22	9.2
53.24	5.2
53.26	7.5
53.28	8.6
53.30	8.4
53.32	8.9
53.34	5.3
53.36	2.4
53.38	6.9
53.40	5.3
53.42	5.9
53.44	14.4
53.46	11.5
53.48	7.5
53.50	3.7
53.52	4.1
53.54	9.1
53.56	11.2
53.58	7.2
53.60	8.5
53.62	8.9
53.64	11.4
53.66	2.6
53.68	8.8
53.70	9.7
53.72	11.6
53.74	10.2
53.76	6.1
53.78	8.3
53.80	6.2
53.82	12.3
53.84	13.5
53.86	16.1
53.88	13.6
53.90	15.6
53.92	26.6
53.94	26.1
53.96	35.1
53.98	36.1
54.00	36.0
54.02	49.2
54.04	57.5
54.06	60.1
54.08	63.8
54.10	80.1
54.12	86.4
54.14	96.4
54.16	96.0
54.18	113.5
54.20	111.2
54.22	123.2
54.24	133.6
54.26	129.4
54.28	131.6
54.30	136.7
54.32	142.1
54.34	139.7
54.36	129.1
54.38	128.8
54.40	121.1
54.42	112.9
54.44	105.1
54.46	93.4
54.48	89.2
54.50	81.3
54.52	77.7
54.54	64.2
54.56	46.4
54.58	43.1
54.60	41.4
54.62	35.0
54.64	24.2
54.66	25.2
54.68	20.9
54.70	18.8
54.72	16.2
54.74	17.3
54.76	17.3
54.78	13.7
54.80	7.4
54.82	7.4
54.84	7.4
54.86	8.8
54.88	7.4
54.90	7.4
54.92	5.6
54.94	11.1
54.96	10.7
54.98	11.0
55.00	7.8
55.02	9.4
55.04	5.3
55.06	5.0
55.08	6.4
55.10	9.8
55.12	7.5
55.14	4.6
55.16	8.3
55.18	9.3
55.20	8.5
55.22	6.0
55.24	8.2
55.26	6.7
55.28	7.0
55.30	7.7
55.32	10.3
55.34	13.5
55.36	12.7
55.38	9.9
55.40	6.8
55.42	7.1
55.44	7.2
55.46	11.5
55.48	0.0
55.50	8.8
55.52	2.0
55.54	8.0
55.56	12.0
55.58	5.3
55.60	1.2
55.62	11.9
55.64	12.5
55.66	9.5
55.68	11.8
55.70	5.6
55.72	11.5
55.74	13.1
55.76	9.9
55.78	8.8
55.80	11.8
55.82	11.4
55.84	5.8
55.86	12.1
55.88	10.2
55.90	8.5
55.92	11.9
55.94	10.8
55.96	10.2
55.98	6.5
56.00	10.5
56.02	4.7
56.04	7.6
56.06	2.9
56.08	2.9
56.10	9.3
56.12	7.8
56.14	8.3
56.16	9.8
56.18	9.0
56.20	5.3
56.22	8.2
56.24	7.8
56.26	6.4
56.28	7.6
56.30	6.9
56.32	6.1
56.34	7.0
56.36	8.7
56.38	14.2
56.40	5.5
56.42	9.6
56.44	3.6
56.46	12.8
56.48	7.0
56.50	8.4
56.52	11.8
56.54	11.0
56.56	3.5
56.58	9.7
56.60	7.3
56.62	9.9
56.64	8.5
56.66	10.2
56.68	8.9
56.70	7.6
56.72	11.5
56.74	3.4
56.76	6.7
56.78	5.1
56.80	7.6
56.82	6.7
56.84	7.6
56.86	6.5
56.88	6.6
56.90	3.1
56.92	7.9
56.94	8.9
56.96	6.2
56.98	6.0
57.00	6.1
57.02	13.0
57.04	8.6
57.06	9.2
57.08	7.1
57.10	6.5
57.12	5.4
57.14	12.6
57.16	2.9
57.18	8.9
57.20	7.9
57.22	7.2
57.24	3.3
57.26	4.3
57.28	10.9
57.30	5.9
57.32	10.6
57.34	10.0
57.36	9.7
57.38	10.3
57.40	4.4
57.42	6.6
57.44	10.0
57.46	4.2
57.48	13.0
57.50	6.3
57.52	7.8
57.54	4.9
57.56	9.1
57.58	5.8
57.60	7.3
57.62	4.6
57.64	11.6
57.66	3.1
57.68	9.4
57.70	8.7
57.72	9.3
57.74	4.9
57.76	11.1
57.78	10.9
57.80	8.5
57.82	8.9
57.84	7.5
57.86	9.9
57.88	5.5
57.90	9.7
57.92	9.2
57.94	3.8
57.96	0.1
57.98	7.6
58.00	7.5
58.02	11.7
58.04	8.2
58.06	6.5
58.08	3.9
58.10	7.7
58.12	6.2
58.14	4.7
58.16	7.6
58.18	11.2
58.20	8.3
58.22	4.9
58.24	9.0
58.26	4.7
58.28	3.3
58.30	9.5
58.32	6.3
58.34	11.3
58.36	8.9
58.38	5.6
58.40	8.7
58.42	11.9
58.44	7.4
58.46	4.8
58.48	6.0
58.50	5.6
58.52	4.5
58.54	4.1
58.56	9.3
58.58	11.3
58.60	6.9
58.62	10.4
58.64	10.7
58.66	13.1
58.68	7.4
58.70	7.0
58.72	9.3
58.74	8.3
58.76	8.9
58.78	11.9
58.80	6.7
58.82	8.6
58.84	5.1
58.86	7.5
58.88	6.0
58.90	5.7
58.92	7.3
58.94	6.7
58.96	9.1
58.98	10.4
59.00	3.5
59.02	11.0
59.04	1.3
59.06	8.7
59.08	10.1
59.10	6.0
59.12	7.3
59.14	5.7
59.16	10.7
59.18	0.0
59.20	5.1
59.22	2.2
59.24	8.6
59.26	11.9
59.28	11.6
59.30	10.0
59.32	8.7
59.34	5.7
59.36	11.7
59.38	9.9
59.40	5.5
59.42	4.2
59.44	6.1
59.46	11.2
59.48	11.8
59.50	12.8
59.52	5.7
59.54	6.9
59.56	12.1
59.58	8.7
59.60	10.3
59.62	4.0
59.64	6.9
59.66	8.0
59.68	6.9
59.70	6.8
59.72	3.1
59.74	12.9
59.76	8.4
59.78	3.6
59.80	11.2
59.82	8.2
59.84	10.2
59.86	7.4
59.88	5.7
59.90	5.8
59.92	9.1
59.94	10.4
59.96	9.5
59.98	10.0
